100,'5410',746,,25,30,,,0,110,,21,30,,,0,400,,18,30,,,0,100,,38,30,,,0,154,,44,30,,,0
100,'5411',656,,41,30,,,0,70,,26,30,,,0,80,,23,30,,,0,20,,24,30,,,0,100,,17,30,,,0,30,,20,30,,,0,70,,28,30,,,0,30,,19,30,,,0,70,,15,30,,,0,30,,16,30,,,0,275,,37,30,,,0,25,,39,30,,,0,70,,40,30,,,0,30,,36,30,,,0,70,,35,30,,,0,20,,34,30,,,0,60,,33,30,,,0,20,,30,30,,,0,30,,32,30,,,0,70,,42,30,,,0,30,,43,30,,,0,70,,29,30,,,0,100,,22,30,,,0,100,,31,30,,,0,100,,27,30,,,0
100,'5412',1131,,55,30,,,0,100,,56,30,,,0,108,,57,30,,,0,97,,58,30,,,0,420,,59,30,,,0,150,,60,30,,,0
100,'5413',746,,431,30,,,0,110,,430,30,,,0,400,,429,30,,,0,100,,432,30,,,0,154,,433,30,,,0
100,'5414',855,,1,30,,,0,101,,2,30,,,0,100,,4,30,,,0,100,,3,30,,,0,100,,5,30,,,0,99,,7,30,,,0,101,,6,30,,,0,100,,8,30,,,0,100,,9,30,,,0,100,,12,30,,,0,100,,13,30,,,0,100,,10,30,,,0,99,,14,30,,,0,101,,11,30,,,0
100,'5415',856,,45,30,,,0,100,,46,30,,,0,100,,48,30,,,0,100,,49,30,,,0,100,,50,30,,,0,100,,51,30,,,0,100,,52,30,,,0,100,,53,30,,,0,100,,54,30,,,0,100,,47,30,,,0
200,'5410',1647,,149,30,,,0
200,'5411',717,,135,30,,,0,30,,136,30,,,0,70,,137,30,,,0,29,,138,30,,,0,71,,139,30,,,0,100,,141,30,,,0,100,,142,30,,,0,100,,143,30,,,0,100,,140,30,,,0,100,,144,30,,,0,99,,145,30,,,0,31,,146,30,,,0,70,,148,30,,,0,99,,150,30,,,0,31,,147,30,,,0,99,,151,30,,,0,101,,152,30,,,0,100,,153,30,,,0,100,,154,30,,,0
200,'5412',1132,,164,30,,,0,100,,165,30,,,0,105,,166,30,,,0,102,,167,30,,,0,418,,168,30,,,0,149,,169,30,,,0
200,'5413',1647,,439,30,,,0
200,'5414',851,,122,30,,,0,101,,124,30,,,0,100,,123,30,,,0,100,,125,30,,,0,100,,126,30,,,0,99,,127,30,,,0,101,,129,30,,,0,100,,133,30,,,0,100,,134,30,,,0,100,,128,30,,,0,100,,130,30,,,0,100,,132,30,,,0,99,,131,30,,,0
200,'5415',852,,155,30,,,0,100,,156,30,,,0,100,,157,30,,,0,100,,158,30,,,0,100,,159,30,,,0,100,,160,30,,,0,100,,161,30,,,0,100,,162,30,,,0,100,,163,30,,,0
701,'5411',1111,,398,47,0,5 2 6,0,226,,392,47,0,5 2 6,0,215,,393,47,0,5 2 6,0,153,,394,47,0,5 2 6,0,117,,395,47,0,5 2 6,0,100,,396,47,0,5 2 6,0,110,,397,47,0,5 2 6,0
701,'5412',1252,,403,47,0,5 2 6,0,150,,404,47,0,5 2 6,0,610,,405,47,0,5 2 6,0
701,'5414',1332,,386,47,0,5 2 6,0,220,,387,47,0,5 2 6,0,150,,388,47,0,5 2 6,0,110,,389,47,0,5 2 6,0,110,,390,47,0,5 2 6,0,110,,391,47,0,5 2 6,0
701,'5415',1332,,400,47,0,5 2 6,0,220,,401,47,0,5 2 6,0,153,,402,47,0,5 2 6,0,113,,399,47,0,5 2 6,0
