100,'5410',737,,25,16,,,0,110,,21,16,,,0,400,,18,16,,,0,100,,38,16,,,0,155,,44,16,,,0
100,'5411',647,,41,16,,,0,70,,26,16,,,0,40,,23,16,,,0,60,,24,16,,,0,100,,17,16,,,0,30,,20,16,,,0,70,,28,16,,,0,30,,19,16,,,0,70,,15,16,,,0,30,,16,16,,,0,275,,37,16,,,0,25,,39,16,,,0,70,,40,16,,,0,30,,36,16,,,0,70,,35,16,,,0,20,,34,16,,,0,20,,33,16,,,0,60,,30,16,,,0,30,,32,16,,,0,70,,42,16,,,0,30,,43,16,,,0,70,,29,16,,,0,100,,22,16,,,0,100,,31,16,,,0,100,,27,16,,,0
100,'5412',1122,,55,16,,,0,100,,56,16,,,0,108,,57,16,,,0,97,,58,16,,,0,420,,59,16,,,0,110,,60,16,,,0
100,'5413',737,,431,16,,,0,110,,430,16,,,0,400,,429,16,,,0,100,,432,16,,,0,155,,433,16,,,0
100,'5414',847,,1,16,,,0,100,,2,16,,,0,100,,4,16,,,0,100,,3,16,,,0,100,,5,16,,,0,100,,7,16,,,0,100,,6,16,,,0,100,,8,16,,,0,100,,9,16,,,0,100,,12,16,,,0,100,,13,16,,,0,100,,10,16,,,0,100,,14,16,,,0,100,,11,16,,,0
100,'5415',847,,45,16,,,0,100,,46,16,,,0,100,,48,16,,,0,100,,49,16,,,0,100,,50,16,,,0,100,,51,16,,,0,100,,52,16,,,0,100,,53,16,,,0,100,,54,16,,,0,100,,47,16,,,0
700,'5411',732,,381,31,0,5 2 6,0,112,,380,31,0,5 2 6,0,160,,378,31,0,5 2 6,0,210,,379,31,0,5 2 6,0
700,'5412',1136,,385,31,0,5 2 6,0
700,'5414',951,,375,31,0,5 2 6,0,153,,376,31,0,5 2 6,0,110,,377,31,0,5 2 6,0
700,'5415',954,,382,31,0,5 2 6,0,150,,383,31,0,5 2 6,0,110,,384,31,0,5 2 6,0
701,'5411',1053,,398,26,0,5 2 6,0,266,,392,26,0,5 2 6,0,215,,393,26,0,5 2 6,0,113,,394,26,0,5 2 6,0,157,,395,26,0,5 2 6,0,100,,396,26,0,5 2 6,0,110,,397,26,0,5 2 6,0
701,'5412',1234,,403,26,0,5 2 6,0,110,,404,26,0,5 2 6,0,610,,405,26,0,5 2 6,0
701,'5414',1314,,386,26,0,5 2 6,0,220,,387,26,0,5 2 6,0,110,,388,26,0,5 2 6,0,110,,389,26,0,5 2 6,0,150,,390,26,0,5 2 6,0,110,,391,26,0,5 2 6,0
701,'5415',1314,,400,26,0,5 2 6,0,220,,401,26,0,5 2 6,0,113,,402,26,0,5 2 6,0,153,,399,26,0,5 2 6,0
