201,'5410',1704,,197,16,,,0
201,'5411',704,,184,16,,,0,30,,186,16,,,0,70,,187,16,,,0,30,,185,16,,,0,100,,188,16,,,0,100,,189,16,,,0,100,,190,16,,,0,100,,191,16,,,0,100,,192,16,,,0,100,,193,16,,,0,70,,194,16,,,0,100,,195,16,,,0,30,,196,16,,,0,170,,198,16,,,0,100,,199,16,,,0,100,,200,16,,,0,100,,201,16,,,0,100,,202,16,,,0
201,'5412',1044,,212,16,,,0,105,,213,16,,,0,105,,214,16,,,0,103,,215,16,,,0,452,,216,16,,,0,110,,217,16,,,0
201,'5413',1704,,440,16,,,0
201,'5414',809,,170,16,,,0,100,,171,16,,,0,100,,172,16,,,0,100,,173,16,,,0,100,,175,16,,,0,100,,174,16,,,0,100,,176,16,,,0,100,,182,16,,,0,100,,183,16,,,0,100,,177,16,,,0,100,,178,16,,,0,100,,179,16,,,0,100,,180,16,,,0,100,,181,16,,,0
201,'5415',909,,203,16,,,0,100,,204,16,,,0,100,,205,16,,,0,100,,206,16,,,0,100,,207,16,,,0,100,,208,16,,,0,100,,210,16,,,0,100,,211,16,,,0,100,,209,16,,,0
801,'5410',940,,414,27,,,0
801,'5411',803,,413,27,,,0
801,'5413',940,,444,27,,,0
801,'5414',1029,,412,27,,,0,372,,411,27,,,0
