201,'5410',1705,,197,18,,,0
201,'5411',705,,184,18,,,0,30,,186,18,,,0,70,,187,18,,,0,30,,185,18,,,0,100,,188,18,,,0,100,,189,18,,,0,100,,190,18,,,0,100,,191,18,,,0,100,,192,18,,,0,100,,193,18,,,0,70,,194,18,,,0,100,,195,18,,,0,30,,196,18,,,0,170,,198,18,,,0,100,,199,18,,,0,100,,200,18,,,0,100,,201,18,,,0,100,,202,18,,,0
201,'5412',1045,,212,18,,,0,105,,213,18,,,0,105,,214,18,,,0,103,,215,18,,,0,452,,216,18,,,0,110,,217,18,,,0
201,'5413',1705,,440,18,,,0
201,'5414',810,,170,18,,,0,100,,171,18,,,0,100,,172,18,,,0,100,,173,18,,,0,100,,175,18,,,0,100,,174,18,,,0,100,,176,18,,,0,100,,182,18,,,0,100,,183,18,,,0,100,,177,18,,,0,100,,178,18,,,0,100,,179,18,,,0,100,,180,18,,,0,100,,181,18,,,0
201,'5415',910,,203,18,,,0,100,,204,18,,,0,100,,205,18,,,0,100,,206,18,,,0,100,,207,18,,,0,100,,208,18,,,0,100,,210,18,,,0,100,,211,18,,,0,100,,209,18,,,0
801,'5410',941,,414,29,,,0
801,'5411',804,,413,29,,,0
801,'5413',941,,444,29,,,0
801,'5414',1030,,412,29,,,0,372,,411,29,,,0
