101,'5410',805,,77,9,,,0,410,,85,9,,,0,100,,89,9,,,0,115,,103,9,,,0,90,,104,9,,,0
101,'5411',715,,79,9,,,0,30,,76,9,,,0,80,,78,9,,,0,20,,81,9,,,0,70,,80,9,,,0,30,,82,9,,,0,70,,83,9,,,0,30,,84,9,,,0,70,,86,9,,,0,30,,87,9,,,0,200,,105,9,,,0,70,,90,9,,,0,30,,91,9,,,0,70,,88,9,,,0,30,,92,9,,,0,70,,94,9,,,0,30,,95,9,,,0,60,,93,9,,,0,20,,96,9,,,0,20,,97,9,,,0,100,,102,9,,,0,70,,99,9,,,0,30,,98,9,,,0,100,,100,9,,,0,100,,101,9,,,0
101,'5412',1040,,116,9,,,0,105,,117,9,,,0,105,,118,9,,,0,100,,119,9,,,0,455,,120,9,,,0,110,,121,9,,,0
101,'5413',805,,434,9,,,0,410,,435,9,,,0,100,,436,9,,,0,115,,437,9,,,0,90,,438,9,,,0
101,'5414',815,,61,9,,,0,100,,62,9,,,0,100,,64,9,,,0,100,,63,9,,,0,100,,65,9,,,0,100,,67,9,,,0,100,,66,9,,,0,100,,68,9,,,0,100,,69,9,,,0,100,,70,9,,,0,100,,71,9,,,0,100,,72,9,,,0,100,,73,9,,,0,100,,74,9,,,0,100,,75,9,,,0
101,'5415',815,,106,9,,,0,100,,107,9,,,0,100,,108,9,,,0,100,,109,9,,,0,100,,110,9,,,0,100,,111,9,,,0,100,,112,9,,,0,100,,113,9,,,0,100,,115,9,,,0,100,,114,9,,,0
700,'5411',710,,381,13,0,5 2 6,0,112,,380,13,0,5 2 6,0,120,,378,13,0,5 2 6,0,210,,379,13,0,5 2 6,0
700,'5412',1114,,385,13,0,5 2 6,0
700,'5414',929,,375,13,0,5 2 6,0,113,,376,13,0,5 2 6,0,110,,377,13,0,5 2 6,0
700,'5415',932,,382,13,0,5 2 6,0,110,,383,13,0,5 2 6,0,110,,384,13,0,5 2 6,0
