100,'5410',733,,25,13,,,0,110,,21,13,,,0,400,,18,13,,,0,100,,38,13,,,0,115,,44,13,,,0
100,'5411',643,,41,13,,,0,70,,26,13,,,0,40,,23,13,,,0,60,,24,13,,,0,100,,17,13,,,0,30,,20,13,,,0,70,,28,13,,,0,30,,19,13,,,0,70,,15,13,,,0,30,,16,13,,,0,275,,37,13,,,0,25,,39,13,,,0,70,,40,13,,,0,30,,36,13,,,0,70,,35,13,,,0,20,,34,13,,,0,20,,33,13,,,0,60,,30,13,,,0,30,,32,13,,,0,70,,42,13,,,0,30,,43,13,,,0,70,,29,13,,,0,100,,22,13,,,0,100,,31,13,,,0,100,,27,13,,,0
100,'5412',1118,,55,13,,,0,100,,56,13,,,0,108,,57,13,,,0,97,,58,13,,,0,420,,59,13,,,0,110,,60,13,,,0
100,'5413',733,,431,13,,,0,110,,430,13,,,0,400,,429,13,,,0,100,,432,13,,,0,115,,433,13,,,0
100,'5414',843,,1,13,,,0,100,,2,13,,,0,100,,4,13,,,0,100,,3,13,,,0,100,,5,13,,,0,100,,7,13,,,0,100,,6,13,,,0,100,,8,13,,,0,100,,9,13,,,0,100,,12,13,,,0,100,,13,13,,,0,100,,10,13,,,0,100,,14,13,,,0,100,,11,13,,,0
100,'5415',843,,45,13,,,0,100,,46,13,,,0,100,,48,13,,,0,100,,49,13,,,0,100,,50,13,,,0,100,,51,13,,,0,100,,52,13,,,0,100,,53,13,,,0,100,,54,13,,,0,100,,47,13,,,0
801,'5410',957,,414,48,,,0
801,'5411',820,,413,48,,,0
801,'5413',957,,444,48,,,0
801,'5414',1046,,412,48,,,0,372,,411,48,,,0
1500,'5410',1013,,419,3,,,0
1500,'5411',838,,420,3,,,0,685,,418,3,,,0,120,,421,3,,,0
1500,'5413',1013,,445,3,,,0
1500,'5414',1103,,417,3,,,0,333,,415,3,,,0,207,,416,3,,,0
