201,'5410',1705,,197,19,,,0
201,'5411',705,,184,19,,,0,30,,186,19,,,0,70,,187,19,,,0,30,,185,19,,,0,100,,188,19,,,0,100,,189,19,,,0,100,,190,19,,,0,100,,191,19,,,0,100,,192,19,,,0,100,,193,19,,,0,70,,194,19,,,0,100,,195,19,,,0,30,,196,19,,,0,170,,198,19,,,0,100,,199,19,,,0,100,,200,19,,,0,100,,201,19,,,0,100,,202,19,,,0
201,'5412',1045,,212,19,,,0,105,,213,19,,,0,105,,214,19,,,0,103,,215,19,,,0,452,,216,19,,,0,110,,217,19,,,0
201,'5413',1705,,440,19,,,0
201,'5414',810,,170,19,,,0,100,,171,19,,,0,100,,172,19,,,0,100,,173,19,,,0,100,,175,19,,,0,100,,174,19,,,0,100,,176,19,,,0,100,,182,19,,,0,100,,183,19,,,0,100,,177,19,,,0,100,,178,19,,,0,100,,179,19,,,0,100,,180,19,,,0,100,,181,19,,,0
201,'5415',910,,203,19,,,0,100,,204,19,,,0,100,,205,19,,,0,100,,206,19,,,0,100,,207,19,,,0,100,,208,19,,,0,100,,210,19,,,0,100,,211,19,,,0,100,,209,19,,,0
801,'5410',942,,414,30,,,0
801,'5411',805,,413,30,,,0
801,'5413',942,,444,30,,,0
801,'5414',1031,,412,30,,,0,372,,411,30,,,0
