201,'5410',1707,,197,21,,,0
201,'5411',707,,184,21,,,0,30,,186,21,,,0,70,,187,21,,,0,30,,185,21,,,0,100,,188,21,,,0,100,,189,21,,,0,100,,190,21,,,0,100,,191,21,,,0,100,,192,21,,,0,100,,193,21,,,0,70,,194,21,,,0,100,,195,21,,,0,30,,196,21,,,0,170,,198,21,,,0,100,,199,21,,,0,100,,200,21,,,0,100,,201,21,,,0,100,,202,21,,,0
201,'5412',1047,,212,21,,,0,105,,213,21,,,0,105,,214,21,,,0,143,,215,21,,,0,412,,216,21,,,0,110,,217,21,,,0
201,'5413',1707,,440,21,,,0
201,'5414',812,,170,21,,,0,100,,171,21,,,0,100,,172,21,,,0,100,,173,21,,,0,100,,175,21,,,0,100,,174,21,,,0,100,,176,21,,,0,100,,182,21,,,0,100,,183,21,,,0,100,,177,21,,,0,100,,178,21,,,0,100,,179,21,,,0,100,,180,21,,,0,100,,181,21,,,0
201,'5415',912,,203,21,,,0,100,,204,21,,,0,100,,205,21,,,0,100,,206,21,,,0,100,,207,21,,,0,100,,208,21,,,0,100,,210,21,,,0,100,,211,21,,,0,100,,209,21,,,0
801,'5410',943,,414,32,,,0
801,'5411',806,,413,32,,,0
801,'5413',943,,444,32,,,0
801,'5414',1032,,412,32,,,0,372,,411,32,,,0
