101,'5410',818,,77,25,,,0,410,,85,25,,,0,100,,89,25,,,0,115,,103,25,,,0,90,,104,25,,,0
101,'5411',728,,79,25,,,0,30,,76,25,,,0,80,,78,25,,,0,20,,81,25,,,0,70,,80,25,,,0,30,,82,25,,,0,70,,83,25,,,0,30,,84,25,,,0,70,,86,25,,,0,30,,87,25,,,0,200,,105,25,,,0,70,,90,25,,,0,30,,91,25,,,0,70,,88,25,,,0,30,,92,25,,,0,70,,94,25,,,0,30,,95,25,,,0,60,,93,25,,,0,20,,96,25,,,0,20,,97,25,,,0,100,,102,25,,,0,70,,99,25,,,0,30,,98,25,,,0,100,,100,25,,,0,100,,101,25,,,0
101,'5412',1053,,116,25,,,0,105,,117,25,,,0,145,,118,25,,,0,100,,119,25,,,0,415,,120,25,,,0,110,,121,25,,,0
101,'5413',818,,434,25,,,0,410,,435,25,,,0,100,,436,25,,,0,115,,437,25,,,0,90,,438,25,,,0
101,'5414',828,,61,25,,,0,100,,62,25,,,0,100,,64,25,,,0,100,,63,25,,,0,100,,65,25,,,0,100,,67,25,,,0,100,,66,25,,,0,100,,68,25,,,0,100,,69,25,,,0,100,,70,25,,,0,100,,71,25,,,0,100,,72,25,,,0,100,,73,25,,,0,100,,74,25,,,0,100,,75,25,,,0
101,'5415',828,,106,25,,,0,100,,107,25,,,0,100,,108,25,,,0,100,,109,25,,,0,100,,110,25,,,0,100,,111,25,,,0,100,,112,25,,,0,100,,113,25,,,0,100,,115,25,,,0,100,,114,25,,,0
800,'5410',1030,,408,6,,,0
800,'5411',1540,,410,6,,,0,110,,409,6,,,0
800,'5413',1030,,443,6,,,0
800,'5414',1448,,407,6,,,0,202,,406,6,,,0
