100,'5410',731,,25,10,,,0,110,,21,10,,,0,400,,18,10,,,0,100,,38,10,,,0,115,,44,10,,,0
100,'5411',641,,41,10,,,0,70,,26,10,,,0,40,,23,10,,,0,60,,24,10,,,0,100,,17,10,,,0,30,,20,10,,,0,70,,28,10,,,0,30,,19,10,,,0,70,,15,10,,,0,30,,16,10,,,0,275,,37,10,,,0,25,,39,10,,,0,70,,40,10,,,0,30,,36,10,,,0,70,,35,10,,,0,20,,34,10,,,0,20,,33,10,,,0,60,,30,10,,,0,30,,32,10,,,0,70,,42,10,,,0,30,,43,10,,,0,70,,29,10,,,0,100,,22,10,,,0,100,,31,10,,,0,100,,27,10,,,0
100,'5412',1116,,55,10,,,0,100,,56,10,,,0,108,,57,10,,,0,97,,58,10,,,0,420,,59,10,,,0,110,,60,10,,,0
100,'5413',731,,431,10,,,0,110,,430,10,,,0,400,,429,10,,,0,100,,432,10,,,0,115,,433,10,,,0
100,'5414',841,,1,10,,,0,100,,2,10,,,0,100,,4,10,,,0,100,,3,10,,,0,100,,5,10,,,0,100,,7,10,,,0,100,,6,10,,,0,100,,8,10,,,0,100,,9,10,,,0,100,,12,10,,,0,100,,13,10,,,0,100,,10,10,,,0,100,,14,10,,,0,100,,11,10,,,0
100,'5415',841,,45,10,,,0,100,,46,10,,,0,100,,48,10,,,0,100,,49,10,,,0,100,,50,10,,,0,100,,51,10,,,0,100,,52,10,,,0,100,,53,10,,,0,100,,54,10,,,0,100,,47,10,,,0
801,'5410',954,,414,45,,,0
801,'5411',817,,413,45,,,0
801,'5413',954,,444,45,,,0
801,'5414',1043,,412,45,,,0,372,,411,45,,,0
