200,'5410',1640,,149,22,,,0
200,'5411',710,,135,22,,,0,30,,136,22,,,0,70,,137,22,,,0,30,,138,22,,,0,70,,139,22,,,0,100,,141,22,,,0,100,,142,22,,,0,100,,143,22,,,0,100,,140,22,,,0,100,,144,22,,,0,100,,145,22,,,0,30,,146,22,,,0,70,,148,22,,,0,100,,150,22,,,0,30,,147,22,,,0,100,,151,22,,,0,100,,152,22,,,0,100,,153,22,,,0,100,,154,22,,,0
200,'5412',1125,,164,22,,,0,100,,165,22,,,0,105,,166,22,,,0,103,,167,22,,,0,417,,168,22,,,0,150,,169,22,,,0
200,'5413',1640,,439,22,,,0
200,'5414',845,,122,22,,,0,100,,124,22,,,0,100,,123,22,,,0,100,,125,22,,,0,100,,126,22,,,0,100,,127,22,,,0,100,,129,22,,,0,100,,133,22,,,0,100,,134,22,,,0,100,,128,22,,,0,100,,130,22,,,0,100,,132,22,,,0,100,,131,22,,,0
200,'5415',845,,155,22,,,0,100,,156,22,,,0,100,,157,22,,,0,100,,158,22,,,0,100,,159,22,,,0,100,,160,22,,,0,100,,161,22,,,0,100,,162,22,,,0,100,,163,22,,,0
800,'5410',1046,,408,25,,,0
800,'5411',1556,,410,25,,,0,150,,409,25,,,0
800,'5413',1046,,443,25,,,0
800,'5414',1504,,407,25,,,0,202,,406,25,,,0
