100,'5410',745,,25,29,,,0,110,,21,29,,,0,400,,18,29,,,0,100,,38,29,,,0,155,,44,29,,,0
100,'5411',655,,41,29,,,0,70,,26,29,,,0,80,,23,29,,,0,20,,24,29,,,0,100,,17,29,,,0,30,,20,29,,,0,70,,28,29,,,0,30,,19,29,,,0,70,,15,29,,,0,30,,16,29,,,0,275,,37,29,,,0,25,,39,29,,,0,70,,40,29,,,0,30,,36,29,,,0,70,,35,29,,,0,20,,34,29,,,0,60,,33,29,,,0,20,,30,29,,,0,30,,32,29,,,0,70,,42,29,,,0,30,,43,29,,,0,70,,29,29,,,0,100,,22,29,,,0,100,,31,29,,,0,100,,27,29,,,0
100,'5412',1130,,55,29,,,0,100,,56,29,,,0,108,,57,29,,,0,97,,58,29,,,0,420,,59,29,,,0,150,,60,29,,,0
100,'5413',745,,431,29,,,0,110,,430,29,,,0,400,,429,29,,,0,100,,432,29,,,0,155,,433,29,,,0
100,'5414',855,,1,29,,,0,100,,2,29,,,0,100,,4,29,,,0,100,,3,29,,,0,100,,5,29,,,0,100,,7,29,,,0,100,,6,29,,,0,100,,8,29,,,0,100,,9,29,,,0,100,,12,29,,,0,100,,13,29,,,0,100,,10,29,,,0,100,,14,29,,,0,100,,11,29,,,0
100,'5415',855,,45,29,,,0,100,,46,29,,,0,100,,48,29,,,0,100,,49,29,,,0,100,,50,29,,,0,100,,51,29,,,0,100,,52,29,,,0,100,,53,29,,,0,100,,54,29,,,0,100,,47,29,,,0
200,'5410',1646,,149,29,,,0
200,'5411',716,,135,29,,,0,30,,136,29,,,0,70,,137,29,,,0,30,,138,29,,,0,70,,139,29,,,0,100,,141,29,,,0,100,,142,29,,,0,100,,143,29,,,0,100,,140,29,,,0,100,,144,29,,,0,100,,145,29,,,0,30,,146,29,,,0,70,,148,29,,,0,99,,150,29,,,0,31,,147,29,,,0,100,,151,29,,,0,100,,152,29,,,0,100,,153,29,,,0,100,,154,29,,,0
200,'5412',1131,,164,29,,,0,100,,165,29,,,0,105,,166,29,,,0,103,,167,29,,,0,417,,168,29,,,0,150,,169,29,,,0
200,'5413',1646,,439,29,,,0
200,'5414',851,,122,29,,,0,100,,124,29,,,0,100,,123,29,,,0,100,,125,29,,,0,100,,126,29,,,0,100,,127,29,,,0,100,,129,29,,,0,100,,133,29,,,0,100,,134,29,,,0,100,,128,29,,,0,100,,130,29,,,0,100,,132,29,,,0,100,,131,29,,,0
200,'5415',851,,155,29,,,0,100,,156,29,,,0,100,,157,29,,,0,100,,158,29,,,0,100,,159,29,,,0,100,,160,29,,,0,100,,161,29,,,0,100,,162,29,,,0,100,,163,29,,,0
701,'5411',1110,,398,46,0,5 2 6,0,226,,392,46,0,5 2 6,0,215,,393,46,0,5 2 6,0,153,,394,46,0,5 2 6,0,117,,395,46,0,5 2 6,0,100,,396,46,0,5 2 6,0,110,,397,46,0,5 2 6,0
701,'5412',1251,,403,46,0,5 2 6,0,150,,404,46,0,5 2 6,0,610,,405,46,0,5 2 6,0
701,'5414',1331,,386,46,0,5 2 6,0,220,,387,46,0,5 2 6,0,150,,388,46,0,5 2 6,0,110,,389,46,0,5 2 6,0,110,,390,46,0,5 2 6,0,110,,391,46,0,5 2 6,0
701,'5415',1331,,400,46,0,5 2 6,0,220,,401,46,0,5 2 6,0,153,,402,46,0,5 2 6,0,113,,399,46,0,5 2 6,0
