101,'5410',816,,77,21,,,0,410,,85,21,,,0,100,,89,21,,,0,115,,103,21,,,0,90,,104,21,,,0
101,'5411',726,,79,21,,,0,30,,76,21,,,0,80,,78,21,,,0,20,,81,21,,,0,70,,80,21,,,0,30,,82,21,,,0,70,,83,21,,,0,30,,84,21,,,0,70,,86,21,,,0,30,,87,21,,,0,200,,105,21,,,0,70,,90,21,,,0,30,,91,21,,,0,70,,88,21,,,0,30,,92,21,,,0,70,,94,21,,,0,30,,95,21,,,0,60,,93,21,,,0,20,,96,21,,,0,20,,97,21,,,0,100,,102,21,,,0,70,,99,21,,,0,30,,98,21,,,0,100,,100,21,,,0,100,,101,21,,,0
101,'5412',1051,,116,21,,,0,105,,117,21,,,0,145,,118,21,,,0,100,,119,21,,,0,415,,120,21,,,0,110,,121,21,,,0
101,'5413',816,,434,21,,,0,410,,435,21,,,0,100,,436,21,,,0,115,,437,21,,,0,90,,438,21,,,0
101,'5414',826,,61,21,,,0,100,,62,21,,,0,100,,64,21,,,0,100,,63,21,,,0,100,,65,21,,,0,100,,67,21,,,0,100,,66,21,,,0,100,,68,21,,,0,100,,69,21,,,0,100,,70,21,,,0,100,,71,21,,,0,100,,72,21,,,0,100,,73,21,,,0,100,,74,21,,,0,100,,75,21,,,0
101,'5415',826,,106,21,,,0,100,,107,21,,,0,100,,108,21,,,0,100,,109,21,,,0,100,,110,21,,,0,100,,111,21,,,0,100,,112,21,,,0,100,,113,21,,,0,100,,115,21,,,0,100,,114,21,,,0
800,'5410',1027,,408,2,,,0
800,'5411',1537,,410,2,,,0,110,,409,2,,,0
800,'5413',1027,,443,2,,,0
800,'5414',1445,,407,2,,,0,202,,406,2,,,0
