101,'5410',804,,77,6,,,0,410,,85,6,,,0,100,,89,6,,,0,115,,103,6,,,0,90,,104,6,,,0
101,'5411',714,,79,6,,,0,30,,76,6,,,0,80,,78,6,,,0,20,,81,6,,,0,70,,80,6,,,0,30,,82,6,,,0,70,,83,6,,,0,30,,84,6,,,0,70,,86,6,,,0,30,,87,6,,,0,200,,105,6,,,0,70,,90,6,,,0,30,,91,6,,,0,70,,88,6,,,0,30,,92,6,,,0,70,,94,6,,,0,30,,95,6,,,0,60,,93,6,,,0,20,,96,6,,,0,20,,97,6,,,0,100,,102,6,,,0,70,,99,6,,,0,30,,98,6,,,0,100,,100,6,,,0,100,,101,6,,,0
101,'5412',1039,,116,6,,,0,105,,117,6,,,0,105,,118,6,,,0,100,,119,6,,,0,455,,120,6,,,0,110,,121,6,,,0
101,'5413',804,,434,6,,,0,410,,435,6,,,0,100,,436,6,,,0,115,,437,6,,,0,90,,438,6,,,0
101,'5414',814,,61,6,,,0,100,,62,6,,,0,100,,64,6,,,0,100,,63,6,,,0,100,,65,6,,,0,100,,67,6,,,0,100,,66,6,,,0,100,,68,6,,,0,100,,69,6,,,0,100,,70,6,,,0,100,,71,6,,,0,100,,72,6,,,0,100,,73,6,,,0,100,,74,6,,,0,100,,75,6,,,0
101,'5415',814,,106,6,,,0,100,,107,6,,,0,100,,108,6,,,0,100,,109,6,,,0,100,,110,6,,,0,100,,111,6,,,0,100,,112,6,,,0,100,,113,6,,,0,100,,115,6,,,0,100,,114,6,,,0
201,'5410',1659,,197,6,,,0
201,'5411',659,,184,6,,,0,70,,186,6,,,0,30,,187,6,,,0,70,,185,6,,,0,100,,188,6,,,0,100,,189,6,,,0,100,,190,6,,,0,100,,191,6,,,0,100,,192,6,,,0,100,,193,6,,,0,30,,194,6,,,0,100,,195,6,,,0,70,,196,6,,,0,130,,198,6,,,0,100,,199,6,,,0,100,,200,6,,,0,100,,201,6,,,0,100,,202,6,,,0
201,'5412',1039,,212,6,,,0,105,,213,6,,,0,105,,214,6,,,0,103,,215,6,,,0,452,,216,6,,,0,110,,217,6,,,0
201,'5413',1659,,440,6,,,0
201,'5414',804,,170,6,,,0,100,,171,6,,,0,100,,172,6,,,0,100,,173,6,,,0,100,,175,6,,,0,100,,174,6,,,0,100,,176,6,,,0,100,,182,6,,,0,100,,183,6,,,0,100,,177,6,,,0,100,,178,6,,,0,100,,179,6,,,0,100,,180,6,,,0,100,,181,6,,,0
201,'5415',904,,203,6,,,0,100,,204,6,,,0,100,,205,6,,,0,100,,206,6,,,0,100,,207,6,,,0,100,,208,6,,,0,100,,210,6,,,0,100,,211,6,,,0,100,,209,6,,,0
