1,100,'5410',18,21,25,38,44
1,100,'5411',15,16,17,19,20,22,23,24,26,27,28,29,30,31,32,33,34,35,36,37,39,40,41,42,43
1,100,'5412',55,56,57,58,59,60
1,100,'5413',429,430,431,432,433
1,100,'5414',1,2,3,4,5,6,7,8,9,10,11,12,13,14
1,100,'5415',45,46,47,48,49,50,51,52,53,54
1,101,'5410',77,85,89,103,104
1,101,'5411',76,78,79,80,81,82,83,84,86,87,88,90,91,92,93,94,95,96,97,98,99,100,101,102,105
1,101,'5412',116,117,118,119,120,121
1,101,'5413',434,435,436,437,438
1,101,'5414',61,62,63,64,65,66,67,68,69,70,71,72,73,74,75
1,101,'5415',106,107,108,109,110,111,112,113,114,115
2,200,'5410',149
2,200,'5411',135,136,137,138,139,140,141,142,143,144,145,146,147,148,150,151,152,153,154
2,200,'5412',164,165,166,167,168,169
2,200,'5413',439
2,200,'5414',122,123,124,125,126,127,128,129,130,131,132,133,134
2,200,'5415',155,156,157,158,159,160,161,162,163
2,201,'5410',197
2,201,'5411',184,185,186,187,188,189,190,191,192,193,194,195,196,198,199,200,201,202
2,201,'5412',212,213,214,215,216,217
2,201,'5413',440
2,201,'5414',170,171,172,173,174,175,176,177,178,179,180,181,182,183
2,201,'5415',203,204,205,206,207,208,209,210,211
3,300,'5411',230,231,232,233,234,235,236,237,238,239,240,241,242
3,300,'5412',250,251,252,253
3,300,'5414',218,219,220,221,222,223,224,225,226,227,228,229
3,300,'5415',243,244,245,246,247,248,249
3,301,'5411',266,267,268,269,270,271,272,273,274,275,276,277,278,279,280
3,301,'5412',288,289,290,291
3,301,'5414',254,255,256,257,258,259,260,261,262,263,264,265
3,301,'5415',281,282,283,284,285,286,287
4,400,'5411',303,304,305,306,307,308,309,310,311,312,313,314,315
4,400,'5412',322,323,324,325,326,327
4,400,'5414',292,293,294,295,296,297,298,299,300,301,302
4,400,'5415',316,317,318,319,320,321
6,600,'5410',342
6,600,'5411',333,334,335,336,337,338,339,340,341,343
6,600,'5412',348,349,350,351
6,600,'5413',441
6,600,'5414',328,329,330,331,332
6,600,'5415',344,345,346,347
6,601,'5410',365
6,601,'5411',357,358,359,360,361,362,363,364,366
6,601,'5412',371,372,373,374
6,601,'5413',442
6,601,'5414',352,353,354,355,356
6,601,'5415',367,368,369,370
7,700,'5411',378,379,380,381
7,700,'5412',385
7,700,'5414',375,376,377
7,700,'5415',382,383,384
7,701,'5411',392,393,394,395,396,397,398
7,701,'5412',403,404,405
7,701,'5414',386,387,388,389,390,391
7,701,'5415',399,400,401,402
8,800,'5410',408
8,800,'5411',409,410
8,800,'5413',443
8,800,'5414',406,407
8,801,'5410',414
8,801,'5411',413
8,801,'5413',444
8,801,'5414',411,412
15,1500,'5410',419
15,1500,'5411',418,420,421
15,1500,'5413',445
15,1500,'5414',415,416,417
15,1501,'5410',427
15,1501,'5411',425,426,428
15,1501,'5413',446
15,1501,'5414',422,423,424
