100,'5410',741,,25,24,,,0,110,,21,24,,,0,400,,18,24,,,0,100,,38,24,,,0,155,,44,24,,,0
100,'5411',651,,41,24,,,0,70,,26,24,,,0,80,,23,24,,,0,20,,24,24,,,0,100,,17,24,,,0,30,,20,24,,,0,70,,28,24,,,0,30,,19,24,,,0,70,,15,24,,,0,30,,16,24,,,0,275,,37,24,,,0,25,,39,24,,,0,70,,40,24,,,0,30,,36,24,,,0,70,,35,24,,,0,20,,34,24,,,0,60,,33,24,,,0,20,,30,24,,,0,30,,32,24,,,0,70,,42,24,,,0,30,,43,24,,,0,70,,29,24,,,0,100,,22,24,,,0,100,,31,24,,,0,100,,27,24,,,0
100,'5412',1126,,55,24,,,0,100,,56,24,,,0,108,,57,24,,,0,97,,58,24,,,0,420,,59,24,,,0,150,,60,24,,,0
100,'5413',741,,431,24,,,0,110,,430,24,,,0,400,,429,24,,,0,100,,432,24,,,0,155,,433,24,,,0
100,'5414',851,,1,24,,,0,100,,2,24,,,0,100,,4,24,,,0,100,,3,24,,,0,100,,5,24,,,0,100,,7,24,,,0,100,,6,24,,,0,100,,8,24,,,0,100,,9,24,,,0,100,,12,24,,,0,100,,13,24,,,0,100,,10,24,,,0,100,,14,24,,,0,100,,11,24,,,0
100,'5415',851,,45,24,,,0,100,,46,24,,,0,100,,48,24,,,0,100,,49,24,,,0,100,,50,24,,,0,100,,51,24,,,0,100,,52,24,,,0,100,,53,24,,,0,100,,54,24,,,0,100,,47,24,,,0
701,'5411',1100,,398,37,0,5 2 6,0,226,,392,37,0,5 2 6,0,215,,393,37,0,5 2 6,0,113,,394,37,0,5 2 6,0,157,,395,37,0,5 2 6,0,100,,396,37,0,5 2 6,0,110,,397,37,0,5 2 6,0
701,'5412',1241,,403,37,0,5 2 6,0,110,,404,37,0,5 2 6,0,650,,405,37,0,5 2 6,0
701,'5414',1321,,386,37,0,5 2 6,0,220,,387,37,0,5 2 6,0,110,,388,37,0,5 2 6,0,150,,389,37,0,5 2 6,0,110,,390,37,0,5 2 6,0,110,,391,37,0,5 2 6,0
701,'5415',1321,,400,37,0,5 2 6,0,220,,401,37,0,5 2 6,0,113,,402,37,0,5 2 6,0,153,,399,37,0,5 2 6,0
