100,'5410',740,,25,21,,,0,110,,21,21,,,0,400,,18,21,,,0,100,,38,21,,,0,155,,44,21,,,0
100,'5411',650,,41,21,,,0,70,,26,21,,,0,80,,23,21,,,0,20,,24,21,,,0,100,,17,21,,,0,30,,20,21,,,0,70,,28,21,,,0,30,,19,21,,,0,70,,15,21,,,0,30,,16,21,,,0,275,,37,21,,,0,25,,39,21,,,0,70,,40,21,,,0,30,,36,21,,,0,70,,35,21,,,0,20,,34,21,,,0,60,,33,21,,,0,20,,30,21,,,0,30,,32,21,,,0,70,,42,21,,,0,30,,43,21,,,0,70,,29,21,,,0,100,,22,21,,,0,100,,31,21,,,0,100,,27,21,,,0
100,'5412',1125,,55,21,,,0,100,,56,21,,,0,108,,57,21,,,0,97,,58,21,,,0,420,,59,21,,,0,150,,60,21,,,0
100,'5413',740,,431,21,,,0,110,,430,21,,,0,400,,429,21,,,0,100,,432,21,,,0,155,,433,21,,,0
100,'5414',850,,1,21,,,0,100,,2,21,,,0,100,,4,21,,,0,100,,3,21,,,0,100,,5,21,,,0,100,,7,21,,,0,100,,6,21,,,0,100,,8,21,,,0,100,,9,21,,,0,100,,12,21,,,0,100,,13,21,,,0,100,,10,21,,,0,100,,14,21,,,0,100,,11,21,,,0
100,'5415',850,,45,21,,,0,100,,46,21,,,0,100,,48,21,,,0,100,,49,21,,,0,100,,50,21,,,0,100,,51,21,,,0,100,,52,21,,,0,100,,53,21,,,0,100,,54,21,,,0,100,,47,21,,,0
701,'5411',1058,,398,34,0,5 2 6,0,266,,392,34,0,5 2 6,0,215,,393,34,0,5 2 6,0,113,,394,34,0,5 2 6,0,157,,395,34,0,5 2 6,0,100,,396,34,0,5 2 6,0,110,,397,34,0,5 2 6,0
701,'5412',1239,,403,34,0,5 2 6,0,110,,404,34,0,5 2 6,0,610,,405,34,0,5 2 6,0
701,'5414',1319,,386,34,0,5 2 6,0,220,,387,34,0,5 2 6,0,110,,388,34,0,5 2 6,0,110,,389,34,0,5 2 6,0,150,,390,34,0,5 2 6,0,110,,391,34,0,5 2 6,0
701,'5415',1319,,400,34,0,5 2 6,0,220,,401,34,0,5 2 6,0,113,,402,34,0,5 2 6,0,153,,399,34,0,5 2 6,0
