101,'5411',712,,79,4,,,0,30,,76,4,,,0,60,,434,4,,,0,20,,78,4,,,0,20,,81,4,,,0,70,,80,4,,,0,30,,82,4,,,0,70,,83,4,,,0,30,,84,4,,,0,70,,86,4,,,0,30,,87,4,,,0,70,,435,4,,,0,100,,436,4,,,0,30,,105,4,,,0,70,,90,4,,,0,15,,437,4,,,0,15,,91,4,,,0,70,,88,4,,,0,5,,438,4,,,0,25,,92,4,,,0,70,,94,4,,,0,30,,95,4,,,0,60,,93,4,,,0,20,,96,4,,,0,20,,97,4,,,0,100,,102,4,,,0,70,,99,4,,,0,30,,98,4,,,0,100,,100,4,,,0,100,,101,4,,,0
101,'5412',1037,,116,4,,,0,105,,117,4,,,0,105,,118,4,,,0,100,,119,4,,,0,455,,120,4,,,0,110,,121,4,,,0
101,'5414',812,,61,4,,,0,100,,62,4,,,0,100,,64,4,,,0,100,,63,4,,,0,100,,65,4,,,0,100,,67,4,,,0,100,,66,4,,,0,100,,68,4,,,0,100,,69,4,,,0,100,,70,4,,,0,100,,71,4,,,0,100,,72,4,,,0,100,,73,4,,,0,100,,74,4,,,0,100,,75,4,,,0
101,'5415',812,,106,4,,,0,100,,107,4,,,0,100,,108,4,,,0,100,,109,4,,,0,100,,110,4,,,0,100,,111,4,,,0,100,,112,4,,,0,100,,113,4,,,0,100,,115,4,,,0,100,,114,4,,,0
201,'5411',658,,184,4,,,0,70,,186,4,,,0,30,,187,4,,,0,70,,185,4,,,0,100,,188,4,,,0,100,,189,4,,,0,100,,190,4,,,0,100,,191,4,,,0,100,,192,4,,,0,100,,193,4,,,0,30,,194,4,,,0,100,,195,4,,,0,70,,196,4,,,0,30,,440,4,,,0,100,,198,4,,,0,100,,199,4,,,0,100,,200,4,,,0,100,,201,4,,,0,100,,202,4,,,0
201,'5412',1038,,212,4,,,0,105,,213,4,,,0,105,,214,4,,,0,103,,215,4,,,0,452,,216,4,,,0,110,,217,4,,,0
201,'5414',803,,170,4,,,0,100,,171,4,,,0,100,,172,4,,,0,100,,173,4,,,0,100,,175,4,,,0,100,,174,4,,,0,100,,176,4,,,0,100,,182,4,,,0,100,,183,4,,,0,100,,177,4,,,0,100,,178,4,,,0,100,,179,4,,,0,100,,180,4,,,0,100,,181,4,,,0
201,'5415',903,,203,4,,,0,100,,204,4,,,0,100,,205,4,,,0,100,,206,4,,,0,100,,207,4,,,0,100,,208,4,,,0,100,,210,4,,,0,100,,211,4,,,0,100,,209,4,,,0
700,'5411',701,,381,4,0,5 2 6,0,112,,380,4,0,5 2 6,0,120,,378,4,0,5 2 6,0,210,,379,4,0,5 2 6,0
700,'5412',1105,,385,4,0,5 2 6,0
700,'5414',920,,375,4,0,5 2 6,0,113,,376,4,0,5 2 6,0,110,,377,4,0,5 2 6,0
700,'5415',923,,382,4,0,5 2 6,0,110,,383,4,0,5 2 6,0,110,,384,4,0,5 2 6,0
