200,'5410',1641,,149,24,,,0
200,'5411',711,,135,24,,,0,30,,136,24,,,0,70,,137,24,,,0,30,,138,24,,,0,70,,139,24,,,0,100,,141,24,,,0,100,,142,24,,,0,100,,143,24,,,0,100,,140,24,,,0,100,,144,24,,,0,100,,145,24,,,0,30,,146,24,,,0,70,,148,24,,,0,100,,150,24,,,0,30,,147,24,,,0,100,,151,24,,,0,100,,152,24,,,0,100,,153,24,,,0,100,,154,24,,,0
200,'5412',1126,,164,24,,,0,100,,165,24,,,0,105,,166,24,,,0,103,,167,24,,,0,417,,168,24,,,0,150,,169,24,,,0
200,'5413',1641,,439,24,,,0
200,'5414',846,,122,24,,,0,100,,124,24,,,0,100,,123,24,,,0,100,,125,24,,,0,100,,126,24,,,0,100,,127,24,,,0,100,,129,24,,,0,100,,133,24,,,0,100,,134,24,,,0,100,,128,24,,,0,100,,130,24,,,0,100,,132,24,,,0,100,,131,24,,,0
200,'5415',846,,155,24,,,0,100,,156,24,,,0,100,,157,24,,,0,100,,158,24,,,0,100,,159,24,,,0,100,,160,24,,,0,100,,161,24,,,0,100,,162,24,,,0,100,,163,24,,,0
800,'5410',1047,,408,27,,,0
800,'5411',1557,,410,27,,,0,150,,409,27,,,0
800,'5413',1047,,443,27,,,0
800,'5414',1505,,407,27,,,0,202,,406,27,,,0
